% strong canard for Figure 3b.
 % order: ( time,v,c,n); gf=0.4 gk=4
 0 -22.802647 0.30426094 0.15556292 
-1 -22.802647 0.30426094 0.15556292 
-2 -22.802647 0.30426094 0.15556292 
-3 -22.802645 0.30426094 0.15556292 
-4 -22.802645 0.30426094 0.15556292 
-5 -22.802645 0.30426094 0.15556292 
-6 -22.802643 0.30426094 0.15556294 
-7 -22.802643 0.30426094 0.15556294 
-8 -22.802641 0.30426094 0.15556294 
-9 -22.802641 0.30426094 0.15556294 
-10 -22.802639 0.30426094 0.15556294 
-11 -22.802637 0.30426094 0.15556294 
-12 -22.802637 0.30426091 0.15556294 
-13 -22.802635 0.30426091 0.15556294 
-14 -22.802633 0.30426091 0.15556294 
-15 -22.802631 0.30426091 0.15556294 
-16 -22.802631 0.30426091 0.15556294 
-17 -22.802629 0.30426091 0.15556294 
-18 -22.802628 0.30426091 0.15556294 
-19 -22.802626 0.30426091 0.15556294 
-20 -22.802624 0.30426091 0.15556294 
-21 -22.802622 0.30426091 0.15556294 
-22 -22.802618 0.30426091 0.15556294 
-23 -22.802616 0.30426091 0.15556294 
-24 -22.802614 0.30426091 0.15556295 
-25 -22.80261 0.30426091 0.15556295 
-26 -22.802608 0.30426091 0.15556295 
-27 -22.802605 0.30426088 0.15556295 
-28 -22.802601 0.30426088 0.15556295 
-29 -22.802599 0.30426088 0.15556295 
-30 -22.802595 0.30426088 0.15556295 
-31 -22.802591 0.30426088 0.15556295 
-32 -22.802586 0.30426088 0.15556297 
-33 -22.802582 0.30426088 0.15556297 
-34 -22.802576 0.30426088 0.15556297 
-35 -22.802572 0.30426085 0.15556297 
-36 -22.802567 0.30426085 0.15556297 
-37 -22.802561 0.30426085 0.15556297 
-38 -22.802555 0.30426085 0.15556298 
-39 -22.802547 0.30426085 0.15556298 
-40 -22.802542 0.30426082 0.15556298 
-41 -22.802534 0.30426082 0.15556298 
-42 -22.802526 0.30426082 0.155563 
-43 -22.802517 0.30426082 0.155563 
-44 -22.802509 0.30426079 0.155563 
-45 -22.8025 0.30426079 0.15556301 
-46 -22.80249 0.30426079 0.15556301 
-47 -22.802479 0.30426076 0.15556301 
-48 -22.802467 0.30426076 0.15556303 
-49 -22.802456 0.30426076 0.15556303 
-50 -22.802443 0.30426073 0.15556304 
-51 -22.802429 0.30426073 0.15556304 
-52 -22.802414 0.3042607 0.15556306 
-53 -22.802399 0.3042607 0.15556306 
-54 -22.802383 0.30426067 0.15556307 
-55 -22.802366 0.30426067 0.15556309 
-56 -22.802347 0.30426064 0.15556309 
-57 -22.802328 0.30426061 0.1555631 
-58 -22.802307 0.30426061 0.15556312 
-59 -22.802284 0.30426058 0.15556312 
-60 -22.802261 0.30426055 0.15556313 
-61 -22.802235 0.30426052 0.15556315 
-62 -22.802208 0.30426049 0.15556316 
-63 -22.802181 0.30426049 0.15556318 
-64 -22.802151 0.30426046 0.15556319 
-65 -22.802118 0.3042604 0.15556321 
-66 -22.802084 0.30426037 0.15556324 
-67 -22.802048 0.30426034 0.15556325 
-68 -22.80201 0.30426031 0.15556327 
-69 -22.801968 0.30426028 0.15556329 
-70 -22.801924 0.30426022 0.15556331 
-71 -22.801878 0.30426019 0.15556334 
-72 -22.801828 0.30426013 0.15556337 
-73 -22.801777 0.30426008 0.1555634 
-74 -22.80172 0.30426002 0.15556343 
-75 -22.801661 0.30425999 0.15556346 
-76 -22.801598 0.3042599 0.15556349 
-77 -22.801531 0.30425984 0.15556353 
-78 -22.80146 0.30425978 0.15556356 
-79 -22.801384 0.30425969 0.15556361 
-80 -22.801304 0.30425963 0.15556365 
-81 -22.801218 0.30425954 0.1555637 
-82 -22.801126 0.30425945 0.15556374 
-83 -22.801029 0.30425936 0.1555638 
-84 -22.800926 0.30425927 0.15556385 
-85 -22.800817 0.30425915 0.15556391 
-86 -22.800701 0.30425903 0.15556397 
-87 -22.800577 0.30425891 0.15556404 
-88 -22.800446 0.30425879 0.15556411 
-89 -22.800304 0.30425864 0.15556419 
-90 -22.800156 0.3042585 0.15556426 
-91 -22.799997 0.30425835 0.15556435 
-92 -22.799829 0.3042582 0.15556444 
-93 -22.79965 0.30425802 0.15556453 
-94 -22.799461 0.30425784 0.15556464 
-95 -22.799257 0.30425763 0.15556474 
-96 -22.799044 0.30425742 0.15556486 
-97 -22.798815 0.30425718 0.15556498 
-98 -22.798571 0.30425695 0.15556511 
-99 -22.798313 0.30425671 0.15556525 
-100 -22.798037 0.30425644 0.1555654 
-101 -22.797745 0.30425614 0.15556556 
-102 -22.797434 0.30425584 0.15556572 
-103 -22.797104 0.30425552 0.1555659 
-104 -22.796751 0.30425519 0.15556608 
-105 -22.796377 0.30425483 0.15556629 
-106 -22.79598 0.30425444 0.1555665 
-107 -22.795557 0.30425403 0.15556672 
-108 -22.795107 0.30425358 0.15556696 
-109 -22.79463 0.3042531 0.15556721 
-110 -22.794121 0.30425262 0.15556748 
-111 -22.793581 0.30425209 0.15556778 
-112 -22.793005 0.30425152 0.15556808 
-113 -22.792395 0.30425093 0.15556841 
-114 -22.791744 0.3042503 0.15556875 
-115 -22.791054 0.30424961 0.15556912 
-116 -22.790318 0.3042489 0.15556951 
-117 -22.789537 0.30424815 0.15556993 
-118 -22.788706 0.30424735 0.15557036 
-119 -22.787821 0.30424649 0.15557083 
-120 -22.78688 0.30424556 0.15557133 
-121 -22.785881 0.30424458 0.15557185 
-122 -22.784819 0.30424353 0.15557241 
-123 -22.783688 0.30424243 0.15557301 
-124 -22.782486 0.30424127 0.15557364 
-125 -22.781208 0.30424002 0.15557431 
-126 -22.779848 0.30423871 0.15557502 
-127 -22.778402 0.30423728 0.15557578 
-128 -22.776863 0.30423579 0.15557659 
-129 -22.775229 0.30423421 0.15557744 
-130 -22.773489 0.30423251 0.15557835 
-131 -22.771639 0.30423069 0.1555793 
-132 -22.76967 0.30422878 0.15558033 
-133 -22.767576 0.30422673 0.1555814 
-134 -22.76535 0.30422455 0.15558255 
-135 -22.762983 0.30422226 0.15558377 
-136 -22.760464 0.30421978 0.15558507 
-137 -22.757784 0.30421719 0.15558642 
-138 -22.754934 0.30421442 0.15558788 
-139 -22.751902 0.30421144 0.15558942 
-140 -22.748676 0.30420831 0.15559106 
-141 -22.745247 0.30420497 0.15559278 
-142 -22.741596 0.30420139 0.1555946 
-143 -22.737713 0.30419761 0.15559655 
-144 -22.733582 0.30419359 0.1555986 
-145 -22.729185 0.30418929 0.15560077
-146 -22.724506 0.30418473 0.15560308 
-147 -22.71953 0.30417991 0.15560551 
-148 -22.714233 0.30417472 0.15560807 
-149 -22.708597 0.30416924 0.1556108 
-150 -22.702599 0.3041634 0.15561366 
-151 -22.696215 0.30415717 0.1556167 
-152 -22.689421 0.30415055 0.1556199 
-153 -22.682188 0.30414352 0.15562327 
-154 -22.67449 0.30413601 0.15562683 
-155 -22.666292 0.30412802 0.15563059 
-156 -22.657566 0.30411953 0.15563454 
-157 -22.648275 0.30411047 0.15563869 
-158 -22.638382 0.30410084 0.15564306 
-159 -22.627846 0.30409059 0.15564765 
-160 -22.616623 0.30407965 0.15565245 
-161 -22.604671 0.30406803 0.1556575 
-162 -22.591938 0.30405563 0.15566278 
-163 -22.578371 0.30404243 0.15566829 
-164 -22.563915 0.30402836 0.15567404 
-165 -22.54851 0.3040134 0.15568003 
-166 -22.532089 0.30399743 0.15568626 
-167 -22.514585 0.30398041 0.15569273 
-168 -22.495922 0.30396226 0.15569942 
-169 -22.476019 0.30394292 0.15570632 
-170 -22.45479 0.3039223 0.15571342 
-171 -22.432142 0.3039003 0.15572071 
-172 -22.407978 0.30387682 0.15572815 
-173 -22.382185 0.30385178 0.1557357 
-174 -22.35465 0.30382508 0.15574332 
-175 -22.325247 0.30379656 0.15575096 
-176 -22.293839 0.30376613 0.15575856 
-177 -22.260281 0.30373362 0.15576604 
-178 -22.224411 0.30369887 0.15577328 
-179 -22.18606 0.30366176 0.1557802 
-180 -22.145039 0.30362207 0.15578662 
-181 -22.101145 0.30357966 0.1557924 
-182 -22.054157 0.3035343 0.15579735 
-183 -22.003834 0.30348572 0.15580119 
-184 -21.949911 0.30343375 0.15580368 
-185 -21.892101 0.30337811 0.15580446 
-186 -21.83009 0.30331847 0.15580314 
-187 -21.763527 0.30325451 0.15579924 
-188 -21.692036 0.30318597 0.15579221 
-189 -21.615196 0.30311239 0.15578137 
-190 -21.532543 0.30303338 0.15576594 
-191 -21.443565 0.3029485 0.15574498 
-192 -21.347691 0.30285728 0.15571739 
-193 -21.244287 0.30275911 0.15568183 
-194 -21.132648 0.30265343 0.15563674 
-195 -21.01198 0.30253956 0.15558024 
-196 -20.881392 0.30241677 0.15551008 
-197 -20.739883 0.30228427 0.1554236 
-198 -20.586315 0.3021411 0.15531754 
-199 -20.419401 0.30198631 0.15518808
-200 -20.237667 0.30181876 0.15503055 
-201 -20.039425 0.30163723 0.15483931 
-202 -19.822729 0.30144033 0.15460755 
-203 -19.585325 0.30122647 0.15432696 
-204 -19.324587 0.30099398 0.15398742 
-205 -19.037432 0.30074087 0.15357654 
-206 -18.720226 0.30046499 0.15307903 
-207 -18.368639 0.30016389 0.15247603 
-208 -17.977484 0.29983488 0.15174407 
-209 -17.54048 0.29947484 0.15085383 
-210 -17.049961 0.29908037 0.1497684 
-211 -16.49646 0.29864755 0.14844093
-212 -15.868152 0.29817197 0.14681128 
-213 -15.150083 0.29764855 0.14480132 
-214 -14.32306 0.29707143 0.14230767 
-215 -13.362069 0.29643339 0.13919035 
-216 -12.233942 0.29572558 0.13525416 
-217 -10.893873 0.29493636 0.13021711 
-218 -9.2801723 0.29405028 0.12365599 
-219 -7.3063993 0.29304686 0.11491468 
-220 -4.8500113 0.29190183 0.10296129 
-221 -1.7379415 0.29059452 0.086212613 
-222 2.2653289 0.28913042 0.062466998 
-223 7.4496932 0.2875827 0.029346766 
-224 14.106713 0.28613147 -0.01430795 
